7777000007777770000000000077777777000000077770000000007777770000000000000770000000000000777777000000000770000777770000777000000000007777777777770000770000777770000770000777777777770000777770000770000777770000777700000000077770000000000077777700000000077770000000000077777700000007777777000000000007770000777770000770000777770000770000777770000770000777770000777000077700007770000000000000
7700007000077770000777770000777700007770000770000777000077770000777777777770000777777777777700007777777770000777770000777777700077777777777777770000770000777000077770000777777777770000007000000770000007770000770000777770000770000777770000770000777770000770000777770000770000777000077777777700077777770000777770000770000777770000770000777770000770000007000000777000077700007777777777000000
7700077700077770000777770000777700077770000770000777000077770000777777777770000777777777777700007777777770000777770000777777700077777777777777770000770000777000077770000777777777770000000000000770000007770000770000777770000770000777770000770000777770000770000777770000770000777000077777777700077777770000777770000770000777770000770000777770000770000007000000777000077700007777777777000000
0000777770000770000777770000770000777777777770000777770000770000777777777770000777777777770000777777777770000777770000777777700077777777777777770000770000770007777770000777777777770000000000000770000000770000770000777770000770000777770000770000777770000770000777770000770000777777777777777700077777770000777770000770000777770000770000770770000777700000000077777000077700007777777770000077
0000777770000770000000000077770000777777777770000777770000770000777777777770000777777777770000777777777770000777770000777777700077777777777777770000770000000077777770000777777777770000000000000770000000000000770000777770000770000777770000770000777770000770000777700000770000777777777777777700077777770000777770000770000077700000770000000000000777700000000077777000077700007777777700000077
0000777770000770000000000077770000777777777770000777770000770000000000077770000000000077770000777000000770000000000000777777700077777777777777770000770000000777777770000777777777770000000000000770000000000000770000777770000770000777770000770000777770000770000777000000777700000000077777777700077777770000777770000770000007000000770000000000000777777000007777777770000000777777777000007777
0000000000000770000777770000770000777777777770000777770000770000000000077770000000000077770000777000000770000000000000777777700077777777777777770000770000000007777770000777777777770000000000000770000000000000770000777770000770000000000077770000770000000770000000007777777777777770000777777700077777770000777770000777700000000077770000000000000777770000000777777777000007777777770000007777
0000000000000770000777770000770000777777777770000777770000770000777777777770000777777777770000777770000770000777770000777777700077777777777777770000770000000007777770000777777777770000770770000770000770000000770000777770000770000000000077770000770000000770000000007777777777777770000777777700077777770000777770000777700000000077770000000000000777700000000077777777700077777777700000777777
0000777770000770000777770000777700077770000770000777700077770000777777777770000777777777777700077770000770000777770000777777700077777770000777770000770000770000077770000777777777770000777770000770000770000000770000777770000770000777777777770000777000077770000770000077770000777770000777777700077777770000777770000777777000007777770000000000000770000007000000777777700077777770000007777777
0000777770000770000777770000777700007770000770000777000077770000777777777770000777777777777700007770000770000777770000777777700077777770000777770000770000770000077770000777777777770000777770000770000777000000770000777770000770000777777777770000777000077770000770000077770000777770000777777700077777770000777770000777777000007777770000007000000770000007000000777777700077777770000007777777
0000777770000770000000000077777777000000077770000000007777770000000000000770000777777777777777000000000770000777770000777000000000007777700000000077770000777000000770000000000000770000777770000770000777770000777700000000077770000777777777777700000007700770000777000000777700000000077777777700077777777700000000077777777770777777770000777770000770000777770000777777700077777770000000000000
0000777770000770000000000077777777000000077770000000007777770000000000000770000777777777777777000000000770000777770000777000000000007777700000000077770000777000000770000000000000770000777770000770000777770000777700000000077770000777777777777700000007700770000777000000777700000000077777777700077777777700000000077777777770777777770000777770000770000777770000777777700077777770000000000000
7777777777777777777777777777777777777777777777777777777777777777777777777777777777777777777777777777777777777777777777777777777777777777777777777777777777777777777777777777777777777777777777777777777777777777777777777000077777777777777777777777777777777777777777777777777000077777777777777777777777777700007777777777777777777777777777777777777777777777700007777777777777777777777777777777
7777000007777777777700077777777700000000077777700000000000777777770000077770000000000077777777000000077770000000000000777700000007777777700000000077777777777777777777777700077777777777777777777777777700077777777777770007777777777770777777777777770000077777700000000077777770007777777777777770777777777777000777777777777777777777777777770777777777777770000777777000077777007777777770777777
7777000007777777777700077777777700000000077777700000000000777777770000077770000000000077777777000000077770000000000000777700000007777777700000000077777777777777777777777700077777777777777777777777777700077777777777770007777777777770777777777777770000077777700000000077777770007777777777777770777777777777000777777777777777777777777777770777777777777770000777777000077777007777777770777777
7700777000077777770000077777770000777770000777777777000077777777000000077770000777777777777700007777777770000777770000770000777770077770000777770000777777777777777777777700077777777777777777777777777700077777777777770007777777700770770077777777770000077770000777770000777770007777777777777000007777777777000777777777777007007777777700000000077777777770000777777000077700777777777000007777
7700777000077777770000077777770000777770000777777777000077777777000000077770000777777777777700077777777770000777770000770000777770077770000777770000777777777777777777777700077777777777777777777777777700077777777777770007777777700770770077777777770000077770000777770000777770007777777777777000007777777777000777777777777007007777777700000000077777777770000777777000077700777777777000007777
0000777770000777777700077777777777777000000777777770007777777700007000077770000000000077770000777777777777777777000077770000007770077770000777770000777777777777777777777777777777777777777777777777777777777777777777770007777777777000007777777777000007777777777777000000777770007777777777700007000077777777000777777777700000000077770000007777777777777770000777777777770077777777700007000077
0000777770000777777700077777777777000000077777777770007777777700077000077777777777770007770000777777777777777777000077777700000007777770000777770000777777777777777777777700077777777777700077777777777700077777777777770007777777777000007777777777000007777777777770000000777777700077777777700007000077777777000777777777700000000077770000007777777777777700077777777777777077777777700007000077
0000777770000777777700077777777777000000077777777000000077770000777000077777777777770000770000000000077777777770007777777700000007777777700000000000777777777777777777777700077777777777700077777777777700077777777777770007777770000000000000777777000777777777777770007777777777700077777777777777777777777777000777777777777007007777777700000000077777777700077777777777707777777777777777777777
0000777770000777777700077777777700000007777777777777770000770000000000000777777777770000770000777770000777777000077777770077700000000777700000000000777777777777777777777700077777777777700077777777777700077777777777770007777770000000000000777777000777777777777770007777777770007777777777777777777777777777000777777777700000000077777777777000000777777770000777777770077700007777777777777777
0000777770000777777700077777777700000007777777777777770000770000000000000777777777770000770000777770000777777000777777770077770000000777777777770000777777777777777777777700077777777777700077777777777700077777777777770007777777777000007777777777007777777777777770777777777770007777777777777777777777777777000777777777700000000077777777777000000777777770000777777770077700007777777777777777
7700077770077777777700077777770000007777777770000777770000777777777000077770000777770000770000777770000777777000777777770077777770000777777777700077777777700077777777777777777777777777770077777777777770077777777777770007777777700700770077777777077777777777777777777777777770007777777777777777777777777777000777777777777007007777777700000000077777777770000777777007777700007777777777777777
7700007770077777777700077777770000007777777770000777770000777777777000077770000777770000770000777770000777777000777777770077777770000777777777000077777777700077777777777777777777777777770077777777777770077777777777770007777777700770770077777777777777777777777777777777777770007777777777777777777777777777000777777777777007007777777700000000077777777770000777777007777700007777777777777777
7777000007777777000000000007770000000000000777700000000077777777777000077777700000000077777700000000077777777000777777777700000000077777700000007777777777700077777777777777777777777777707777777777777707777777777777770007777777777770777777777700777777777777777770777777777770007777777777777777777777777777000777777777777777777777777777770777777777777770000777777777777777777777777777777777
7777000007777777000000000007770000000000000777700000000077777777777000077777700000000077777700000000077777777000777777777700000000077777700000007777777777700077777777777777777777777777707777777777777707777777777777770007777777777770777777777700777777777777777770777777777770007777777777777777777777777777000777777777777777777777777777770777777777777770000777777777777777777777777777777777
7777777777777777777777777777777777777777777777777777777777777777777777777777777777777777777777777777777777777777777777777777777777777777777777777777777777777777777777777777777777777777777777777777777777777777777777777000077777777777777777777777777777777777777777777777777000077777777777777777777777777700007777777777777777777777777777777777777777777777700007777777777777777777777777777777
7777777777777777777777777777777777777777777777777777777777777777777777777777777777777777777777777777777777777777777777777777777777777777777777777777777777777777777777777777777777777777777777777777777777777777777777777000077777777777777777777777777777777777777777777777777000077777777777777777777777777700077777777777777777777777777777777777777777777777700007777777777777777777777777777777

