7777777777777777777777777700077777777777777777777777777777777777777777777777777777777777777777777777777777777777777777777777777777777777777777777777777777777777777777777777777777777777777777777777777777777
7777777777777777777777777700007777777777777777777777777777777777777777777777777777777777777777777777777777777777777777777777777777777777777777777777777777777777777777777777777777777777777777777777777777777
7777777777777777777777777700000777777777777777777777777777777777777777777777777777777777777777777777777777777777777777777777777777777777777777777777777777777777777777777777777777777777777777777777777777777
7777777777777777777777777770000007777777777777777777777777777777777777777777777777777777777777777777777777777777777777777777777777777777777777777777777777777777777777777777777777777777777777777777777777777
7777777777777777777777777777000000777777777777777777777777777777777777777777777777777777777777777777777777777777777777777777777777777777777777777777777777777777777777777777777777777777777777777777777777777
7777777777777777777777777777700000077777777777777777777777777777777777777777777777777777777777777777777777777777777777777777777777777777777777777777777777777777777777777777777777777777777777777777777777777
7777777777777777777777777777770000007777777777777777777777777777777777777777777777777777777777777777777777777777777777777777777777777777777777777777777777777777777777777777777777777777777777777777777777777
7777777777777777777777777777777000000077777777777777777777777777777777777777777777777777777777100000000000000001777777777777777777777777777777777777777777777777777777777777777777777777777777777777777777777
7777777777777777777777777777777700000007777777777777777777777777777777777777777777777710000000000000000000000000000000007777777777777777777777777777777777777777777777777777777777777777777777777777777777777
7777777777777777777777777777777770000000777777777777777777777777777777777777777770000000000000000000000000000000000000000000077777777777777777777777777777777777777777777777777777777777777777777777777777777
7777777777777777777777777777777771000000077777777777777777777777777777777777700000000000000000000000000000000000000000000000000007777777777777777777777777777777777777777777777777777777777777777777777777777
7777777777777777777777777777777777000000001777777777777777777777777777777100000000000000000000000000000000000000000000000000000000001777777777777777777777777777777777777777777777777777777777777777777777777
7777777777777777777777777777777777700000000077777777777777777777777777100000000000000000000000000000000000000000000000000000000000000000777777777777777777777777777777777777777777777777777777777777777777777
7777777777777777777777777777777777770000000007777777777777777777777100000000000000000000000000000000000000000000000000000000000000000000001777777777777777777777777777777777777777777777777777777777777777777
7777777777777777777777777777777777777000000000777777777777777777700000000000000000000000000000000000000000000000000000000000000000000000000007777777777777777777777777777777777777777777777777777777777777777
7777777777777777777777777777777777777700000000017777777777777710000000000000000000000000000000000000000000000000000000000000000000000000000000007777777777777777777777777777777777777777777777777777777777777
7777777777777777777777777777777777777770000000000777777777770000000000000000000000000000000000000000000000000000000000000000000000000000000000000077777777777777777777777777777777777777777777777777777777777
7777777777777777777777777777777777777777000000000077777777777000000000000000000000000000000000000000000000000000000000000000000000000000000000000000777777777777777777777777777777777777777777777777777777777
7777777777777777777777777777777777777777100000000007777777777700000000000000000000000000000000000000000000000000000000000000000000000000000000000000007777777777777777777777777777777777777777777777777777777
7777777777777777777777777777777777777777700000000000177777777771000000000000000000000000000000000000000000000000000000000000000000000000000000000000000077777777777777777777777777777777777777777777777777777
7777777777777777777777777777777777777777770000000000007777777777700000000000000000000000000000007777777777777700000000000000000000000000000000000000000000777777777777777777777777777777777777777777777777777
7777777777777777777777777777777777777777777000000000000777777777770000000000000000000000777777777777777777777777777777000000000000000000000000000000000000017777777777777777777777777777777777777777777777777
7777777777777777777777777777777777777777777700000000000077777777777000000000000000077777777777777777777777777777777777777770000000000000000000000000000000000777777777777777777777777777777777777777777777777
7777777777777777777777777777777777777777777770000000000007777777777700000000000777777777777777777777777777777777777777777777777000000000000000000000000000000007777777777777777777777777777777777777777777777
7777777777777777777777777777777777777777777771000000000000177777777770000001777777777777777777777777777777777777777777777777777777100000000000000000000000000000777777777777777777777777777777777777777777777
7777777777777777777777777777777777777777777777000000000000007777777777100777777777777777777777777777777777777777777777777777777777777000000000000000000000000000007777777777777777777777777777777777777777777
7777777777777777777777777777777777777777777777700000000000000777777777777777777777777777777777777777777777777777777777777777777777777777000000000000000000000000000777777777777777777777777777777777777777777
7777777777777777777777777777777777777777777777770000000000000077777777777777777777777777777777777777777777777777777777777777777777777777770000000000000000000000000077777777777777777777777777777777777777777
7777777777777777777777777777777777777777777777777000000000000007777777777777777777777777777777777777777777777777777777777777777777777777777710000000000000000000000000777777777777777777777777777777777777777
7777777777777777777777777777777777777770777777777100000000000000177777777777777777777777777777777777777777777777777777777777777777777777777777100000000000000000000000077777777777777777777777777777777777777
7777777777777777777777777777777777777700077777777700000000000000017777777777777777777777777777777777777777777777777777777777777777777777777777771000000000000000000000007777777777777777777777777777777777777
7777777777777777777777777777777777777000007777777770000000000000000777777777777777777777777777777777777777777777777777777777777777777777777777777700000000000000000000000177777777777777777777777777777777777
7777777777777777777777777777777777710000007777777777000000000000000077777777777777777777777777777777777777777777777777777777777777777777777777777777000000000000000000000017777777777777777777777777777777777
7777777777777777777777777777777777000000000777777777700000000000000007777777777777777777777777777777777777777777777777777777777777777777777777777777770000000000000000000000777777777777777777777777777777777
7777777777777777777777777777777770000000000077777777710000000000000000777777777777777777777777777777777777777777777777777777777777777777777777777777777000000000000000000000077777777777777777777777777777777
7777777777777777777777777777777700000000000017777777770000000000000000077777777777777777777777777777777777777777777777777777777777777777777777777777777770000000000000000000007777777777777777777777777777777
7777777777777777777777777777777000000000000007777777777000000000000000001777777777777777777777777777777777777777777777777777777777777777777777777777777777000000000000000000000777777777777777777777777777777
7777777777777777777777777777770000000000000000777777777700000000000000000077777777777777777777777777777777777777777777777777777777777777777777777777777777770000000000000000000077777777777777777777777777777
7777777777777777777777777777700000000000000000077777777770000000000000000007777777777777777777777777777777777777777777777777777777777777777777777777777777777000000000000000000007777777777777777777777777777
7777777777777777777777777777000000000000000000077777777770000000000000000000777777777777777777777777777777777777777777777777777777777777777777777777777777777700000000000000000000777777777777777777777777777
7777777777777777777777777770000000000000000000177777777777000000000000000000077777777777777777777777777777777777777777777777777777777777777777777777777777777771000000000000000000077777777777777777777777777
7777777777777777777777777700000000000000000007777777777777700000000000000000007777777777777777777777777777777777777777777777777777777777777777777777777777777777700000000000000000007777777777777777777777777
7777777777777777777777777100000000000000000077777777777777770000000000000000000777777777777777700777777777777777777777777777777777777777777777777777777777777777770000000000000000001777777777777777777777777
7777777777777777777777777000000000000000000777777777777777771000000000000000000077777777777777000000000007777777777777777777777777777777777777777777777777777777777000000000000000000777777777777777777777777
7777777777777777777777770000000000000000007777777777777777777000000000000000000001777777777777000000000000000077777777777777777777777777777777777777777777777777777700000000000000000077777777777777777777777
7777777777777777777777700000000000000000077777777777777777777700000000000000000000177777777777700000000000000000001777777777777777777777777777777777777777777777777770000000000000000007777777777777777777777
7777777777777777777777000000000000000000777777777777777777777770000000000000000000017777777777770000000000000000000000777777777777777777777777777777777777777777777777000000000000000000777777777777777777777
7777777777777777777771000000000000000007777777777777777777777771000000000000000000000777777777777000000000000000000000000777777777777777777777777777777777777777777777700000000000000000177777777777777777777
7777777777777777777770000000000000000077777777777777777777777777000000000000000000000077777777777700000000000000000000000000777777777777777777777777777777777777777777770000000000000000077777777777777777777
7777777777777777777700000000000000000777777777777777777777777777700000000000000000000007777777777710000000000000000000000000001777777777777777777777777777777777777777777000000000000000007777777777777777777
7777777777777777777000000000000000007777777777777777777777777777770000000000000000000000777777777770000000000000000000000000000007777777777777777777777777777777777777777700000000000000000777777777777777777
7777777777777777777000000000000000077777777777777777777777777777770000000000000000000000077777777777000000000000000000000000000000077777777777777777777777777777777777777770000000000000000777777777777777777
7777777777777777770000000000000000777777777777777777777777777777777000000000000000000000007777777777700000000000000000000000000000000777777777777777777777777777777777777777000000000000000077777777777777777
7777777777777777700000000000000001777777777777777777777777777777777700000000000000000000000777777777770000000000000000000000000000000007777777777777777777777777777777777777100000000000000007777777777777777
7777777777777777700000000000000007777777777777777777777777777777777770000000000000000000000077777777771000000000000000000000000000000000077777777777777777777777777777777777700000000000000007777777777777777
7777777777777777000000000000000077777777777777777777777777777777777770000000000000000000000007777777700000000000000000000000000000000000000777777777777777777777777777777777770000000000000000777777777777777
7777777777777770000000000000000777777777777777777777777777777777777777000000000000000000000000777777000000000000000000000000000000000000000077777777777777777777777777777777777000000000000000077777777777777
7777777777777770000000000000007777777777777777777777777777777777777777700000000000000000000000077700000000000000000000000000000000000000000000777777777777777777777777777777777100000000000000077777777777777
7777777777777700000000000000007777777777777777777777777777777777777777770000000000000000000000001000000000000000000000000000000000000000000000017777777777777777777777777777777700000000000000007777777777777
7777777777777700000000000000077777777777777777777777777777777777777777770000000000000000000000000000000000000000000000000000000000000000000000000777777777777777777777777777777770000000000000007777777777777
7777777777777000000000000000777777777777777777777777777777777777777777777000000000000000000000000000000000000000000000000000000000000000000000000017777777777777777777777777777777000000000000000777777777777
7777777777771000000000000000777777777777777777777777777777777777777777777700000000000000000000000000000000000000000000000000000000000000000000000000777777777777777777777777777777000000000000000177777777777
7777777777770000000000000007777777777777777777777777777777777777777777777710000000000000000000000000000000000000000000000000000000000000000000000000077777777777777777777777777777700000000000000077777777777
7777777777700000000000000077777777777777777777777777777777777777777777777770000000000000000000000000000000000000000000000000000000000000000000000000001777777777777777777777777777710000000000000007777777777
7777777777700000000000000077777777777777777777777777777777777777777777777777000000000000000000000000000000000000000000000000000000000000000000000000000077777777777777777777777777770000000000000007777777777
7777777777100000000000000777777777777777777777777777777777777777777777777777700000000000000000000000000000000000000000000000000000000000000000000000000007777777777777777777777777777000000000000001777777777
7777777777000000000000000777777777777777777777777777777777777777777777777777700000000000000000000000000000000000000000000000000000000000000000000000000000777777777777777777777777777000000000000000777777777
7777777771000000000000007777777777777777777777777777777777777777777777777777770000000000000000000000000000000000000000000000000000000000000000000000000000077777777777777777777777777700000000000000177777777
7777777770000000000000007777777777777777777777777777777777777777777777777777777000000000000000000000000000000000000000000000000000000000000000000000000000001777777777777777777777777700000000000000077777777
7777777770000000000000077777777777777777777777777777777777777777777777777777777700000000000000000000000000000000000000000000000000000000000000000000000000000177777777777777777777777770000000000000077777777
7777777700000000000000077777777777777777777777777777777777777777777777777777777700000000000000000000000000000000000000000000000000000000000000000000000000000017777777777777777777777770000000000000007777777
7777777700000000000000777777777777777777777777777777777777777777777777777777777000000000000000000000000000000000000000000000000000000000000000000000000000000001777777777777777777777777000000000000007777777
7777777100000000000000777777777777777777777777777777777777777777777777777777700000000000000000000000000000000000000000000000000000000000000000000000000000000000177777777777777777777777000000000000001777777
7777777000000000000007777777777777777777777777777777777777777777777777777777000000000000000000000000000000000000000000000000000000000000000000000000000000000000017777777777777777777777700000000000000777777
7777777000000000000007777777777777777777777777777777777777777777777777777770000000000000000000000000000000000000000000000000000000000000000000000000000000000000007777777777777777777777700000000000000777777
7777770000000000000077777777777777777777777777777777777777777777777777777700000000000000000000000000000000000000000000000000000000000000000000000000000000000000000777777777777777777777710000000000000077777
7777770000000000000077777777777777777777777777777777777777777777777777771000000000000000000000000000000000000000000000000000000000000000000000000000000000000000000077777777777777777777770000000000000077777
7777770000000000000177777777777777777777777777777777777777777777777777700000000000000000000000000000000000000000000000000000000000000000000000000000000000000000000007777777777777777777770000000000000077777
7777700000000000000777777777777777777777777777777777777777777777777777000000000000000000770000000000000000000000000000000000000000000000000000000000000000000000000000777777777777777777777000000000000007777
7777700000000000000777777777777777777777777777777777777777777777777770000000000000000077770000000000000000000000000000000000000000000000000000000000000000000000000000077777777777777777777000000000000007777
7777700000000000001777777777777777777777777777777777777777777777777700000000000000000777770000000000000000000000000000000000000000000000000000000000000000000000000000077777777777777777777100000000000007777
7777000000000000007777777777777777777777777777777777777777777777777000000000000000007777770000000000000000000000000000000000000000000000000000000000000000000000000000007777777777777777777700000000000001777
7777000000000000007777777777777777777777777777777777777777777777770000000000000000077777770000000000000000000000000000000000000000000000000000000000000000000000000000000777777777777777777700000000000000777
7777000000000000017777777777777777777777777777777777777777777777700000000000000000777777770000000000000000000000000000000000000000000000000000000000000000000000000000000077777777777777777710000000000000777
7777000000000000077777777777777777777777777777777777777777777771000000000000000007777777700000000000000000000000000000000000000000000000000000000000000000000000000000000077777777777777777770000000000000777
7770000000000000077777777777777777777777777777777777777777777710000000000000000077777777000000000000000000000000000000000000000000000000000000000000000000000000000000000007777777777777777770000000000000077
7770000000000000077777777777777777777777777777777777777777777100000000000000000077777770000000000000000000000000000000000000000000000000000000000000000000000000000000000000777777777777777770000000000000077
7770000000000000777777777777777777777777777777777777777777771000000000000000000000771000000000000000000000000000000000000000000000000000000000000000000000000000000000000000777777777777777777000000000000077
7770000000000000777777777777777777777777777777777777777777710000000000000000000000000000000000000000000000000000000000000000000000000000000000000000000000000000000000000000077777777777777777000000000000077
7710000000000000777777777777777777777777777777777777777777100000000000000000000000000000000000000000000000000000000000000000000000000000000000000000000000000000000000000000007777777777777777000000000000077
7700000000000000777777777777777777777777777777777777777771000000000000000000000000000000000000000000000000000000000000000000000000000000000000000000000000000000000000000000007777777777777777000000000000007
7700000000000007777777777777777777777777777777777777777710000000000000000000000000000000000000000000000000000000000000000000000000000000000000000000000000000000000000000000000777777777777777100000000000007
7700000000000007777777777777777777777777777777777777777100000000000000000000000000000000000000000000000000000000000000000000000000000000000000000000000000000000000000000000000777777777777777700000000000007
7700000000000007777777777777777777777777777777777777777000000000000000000000000000000000000000000000000000000000000000000000000000000000000000000000000000000000000000000000000077777777777777700000000000007
7700000000000007777777777777777777777777777777777777770000000000000000000000000000000000000000000000000000000000000000000000000000000000000000000000000000000000000000000000000017777777777777700000000000007
7000000000000007777777777777777777777777777777777777700000000000000000000000000000000000000000000000000000000000000000000000000000000000000000000000000000000000000000000000000007777777777777700000000000007
7000000000000017777777777777777777777777777777777777000000000000000000000000000000000000000000000000000000000000000000000000000000000000000000000000000000000000000000000000000001777777777777700000000000000
7000000000000077777777777777777777777777777777777770000000000000000000000000000000000000000000000000000000000000000000000000000000000000000000000000000000000000000000000000000000777777777777710000000000000
7000000000000077777777777777777777777777777777777700000000000000000000000000000000000000000000000000000000000000000000000000000000000000000000000000000000000000000000000000000000177777777777770000000000000
7000000000000077777777777777777777777777777777777000000000000000000000000000000000000000000000000000000000000000000000000000000000000000000000000000000000000000000000000000000000077777777777770000000000000
7000000000000077777777777777777777777777777777770000000000000000000000000000000000000000000000000000000000000000000000000000000000000000000000000000000000000000000000000000000000017777777777770000000000000
7000000000000077777777777777777777777777777777710000000000000000000000000000000000000000000000000000000000000000000000000000000000000000000000000000000000000000000000000000000000007777777777770000000000000
7000000000000077777777777777777777777777777777100000000000000000000000000000000000000000000000000000000000000000000000000000000000000000000000000000000000000000000000000000000000007777777777770000000000000
7000000000000077777777777777777777777777777777000000000000000000000000000000000000000000000000000000000000000000000000000000000000000000000000000000000000000000000000000000000000000777777777770000000000000
7000000000000077777777777777777777777777777770000000000000000000000000000000000000000000000000000000000000000000000000000000000000000000000000000000000000000000000000000000000000000777777777770000000000000
7000000000000077777777777777777777777777777700000000000000000000000000000000000000000000000000000000000000000000000000000000000000000000000000000000000000000000000000000000000000000177777777770000000000000
7000000000000077777777777777777777777777777000000000000000000000000000000000000000000000000000000000000000000000000000000000000000000000000000000000000000000000000000000000000000000077777777770000000000000
1000000000000077777777777777777777777777770000000000000000000000000000000000000000000000000000000000000000000000000000000000000000000000000000000000000000000000000000000000000000000077777777770000000000000
0000000000000077777777777777777777777777710000000000000000000000000000000000000000000000000000000000000000000000000000000000000000000000000000000000000000000000000000000000000000000007777777770000000000000
0000000000000077777777777777777777777777700000000000000000000000000000000000000000000000000000000000000000000000000000000000000000000000000000000000000000000000000000000000000000000007777777770000000000000
0000000000000077777777777777777777777777000000000000000000000000000000000000000000000000000000000000000000007000000000000000000000000000000000000000000000000000000000000000000000000007777777770000000000000
1000000000000077777777777777777777777770000000000000000000000000000000000000000000000000000000000000000000077000000000000000000000000000000000000000000000000000000000000000000000000000777777770000000000000
7000000000000077777777777777777777777700000000000000000000000000000000000000000000000000000000000000000000077700000000000000000000000000000000000000000000000000000000000000000000000000777777770000000000000
7000000000000077777777777777777777777700000000000000000000000000000000000000000000000000000000000000000000777700000000000000000000000000000000000000000000000000000000000000000000000000777777770000000000000
7000000000000077777777777777777777777100000000000000000000000000000000000000000000000000000000000000000007777770000000000000000000000000000000000000000000000000000000000000000000000000177777770000000000000
7000000000000077777777777777777777777000000000000000000000000000000000000000000000000000000000000000000017777770000000000000000000000000000000000000000000000000000000000000000000000000077777770000000000000
7000000000000077777777777777777777777000000000000000000000000000000000000000000000000000000000000000000177777771000000000000000000000000000000000000000000000000000000000000000000000000077777770000000000000
7000000000000077777777777777777777777000000000000000000000000000000000000000000000000000000000000000007777777777000000000000000000000000000000000000000000000000000000000000000000000000077777770000000000000
7000000000000077777777777777777777777000000000000000000000000000000000000000000000000000000000000000077777777777000000000000000000000000000000000000000000000000000000000000000000000000017777770000000000000
7000000000000077777777777777777777777000000000000000000000000000000000000000000077000000000000000007777777777777000000000000000000000000000000000000000000000000000000000000000000000000007777770000000000000
7000000000000077777777777777777777777000000000000000000000000000000000000000007777770000000000000777777777777777700000000000000000000000000000000000000000000000000000000000000000000000007777770000000000000
7000000000000077777777777777777777777000000000000000000000000000000000000000777777777771000001777777777777777777700000000000000000000000000000000000000000000000000000000000000000000000007777770000000000000
7000000000000017777777777777777777777000000000000000000000000000000000000077777777777777777777777777777777777777700000000000000000000000000000000000000000000000000000000000000000000000007777700000000000000
7000000000000007777777777777777777777000000000000000000000000000000000007777777777777777777777777777777777777777710000000000000000000000000000000000000000000000000000000000000000000000000777700000000000001
7700000000000007777777777777777777777000000000000000000000000000000000777777777777777777777777777777777777777777770000000000000000000000000000000000000000000000000000000000000000000000000777700000000000007
7700000000000007777777777777777777777000000000000000000000000000000077777777777777777777777777777777777777777777770000000000000000000000000000000000000000000000000000000000000000000000000777700000000000007
7700000000000007777777777777777777777700000000000000000000000000007777777777777777777777777777777777777777777777770000000000000000000000000000000000000000000000000000000000000000000000000777700000000000007
7700000000000007777777777777777777777700000000000000000000000000177777777777777777777777777777777777777777777777770000000000000000000000000000000000000000000000000000000000000000000000000777100000000000007
7700000000000000777777777777777777777770000000000000000000000007777777777777777777777777777777777777777777777777770000000000000000000000000000000000000000000000000000000000000000000000000777000000000000007
7700000000000000777777777777777777777777000000000000000000000777777777777777777777777777777777777777777777777777770000000000000000000000000000000000000000000000000000000000000000000000000077000000000000017
7770000000000000777777777777777777777777700000000000000000077777777777777777777777777777777777777777777777777777777000000000000000000000000000000000000000000000000000000000000000000000000077000000000000077
7770000000000000777777777777777777777777771000000000000000777777777777777777777777777777777777777777777777777777777000000000000000000000000000000000000000000000000000000000000000000000000077000000000000077
7770000000000000177777777777777777777777777700000000000077777777777777777777777777777777777777777777777777777777777000000000000000000000000000000000000000000000000000000000000000000000000070000000000000077
7770000000000000077777777777777777777777777770000000000777777777777777777777777777777777777777777777777777777777777000000000000000000000000000000000000000000000000000000000000000000000000070000000000000077
7771000000000000077777777777777777777777777777700000077777777777777777777777777777777777777777777777777777777777777000000000000000000000000000000000000000000000000000000000000000000000000010000000000000777
7777000000000000077777777777777777777777777777777777777777777777777777777777777777777777777777777777777777777777777000000000000000000000000000000000000000000000000000000000000000000000000000000000000000777
7777000000000000007777777777777777777777777777777777777777777777777777777777777777777777777777777777777777777777777000000000000000000000000000000000000000000000000000000000000000000000000000000000000000777
7777000000000000007777777777777777777777777777777777777777777777777777777777777777777777777777777777777777777777777000000000000000000000000000000000000000000000000000000000000000000000000000000000000001777
7777700000000000007777777777777777777777777777777777777777777777777777777777777777777777777777777777777777777777771000000000000000000000000000000000000000000000000000000000000000000000000000000000000007777
7777700000000000000777777777777777777777777777777777777777777777777777777777777777777777777777777777777777777777770000000000000000000000000000000000000000000000000000000000000000000000000000000000000007777
7777700000000000000777777777777777777777777777777777777777777777777777777777777777777777777777777777777777777777770000000000000000000000000000000000000000000000000000000000000000000000000000000000000007777
7777710000000000000177777777777777777777777777777777777777777777777777777777777777777777777777777777777777777777770000000000000000000000000000000000000000000000000000000000000000000000000000000000000077777
7777770000000000000077777777777777777777777777777777777777777777777777777777777777777777777777777777777777777777770000000000000000000000000000000000000000000000000000000000000000000000000000000000000077777
7777770000000000000077777777777777777777777777777777777777777777777777777777777777777777777777777777777777777777770000000000000000000000000000000000000000000000000000000000000000000000000000000000000077777
7777771000000000000007777777777777777777777777777777777777777777777777777777777777777777777777777777777777777777710000000000000000000000000000000000000000000000000000000000000000000000000000000000000777777
7777777000000000000007777777777777777777777777777777777777777777777777777777777777777777777777777777777777777777700000000000000000000000000000000000000000000000000000000000000000000000000000000000000777777
7777777000000000000000777777777777777777777777777777777777777777777777777777777777777777777777777777777777777777700000000000000000000000000000000000000000000000000000000000000000000000000000000000001777777
7777777700000000000000777777777777777777777777777777777777777777777777777777777777777777777777777777777777777777700000000000000000000000000000000000000000000000000000000000000000000000000000000000007777777
7777777700000000000000177777777777777777777777777777777777777777777777777777777777777777777777777777777777777777000000000000000000000000000000000000000000000000000000000000000000000000000000000000007777777
7777777710000000000000077777777777777777777777777777777777777777777777777777777777777777777777777777777777777777000000000000000000000000000000000000000000000000000000000000000000000000000000000000077777777
7777777770000000000000017777777777777777777777777777777777777777777777777777777777777777777777777777777777777777000000000000000000000000000000000000000000000000000000000000000000000000000000000000077777777
7777777770000000000000007777777777777777777777777777777777777777777777777777777777777777777777777777777777777770000000000000000000000000000000000000000000000000000000000000000000000000000000000000177777777
7777777777000000000000000777777777777777777777777777777777777777777777777777777777777777777777777777777777777770000000000000000000000000000000000000000000000000000000000000000000000000000000000000777777777
7777777777000000000000000777777777777777777777777777777777777777777777777777777777777777777777777777777777777700000000000000000000000000000000000000000000000000000000000000000000000000000000000000777777777
7777777777700000000000000077777777777777777777777777777777777777777777777777777777777777777777777777777777777700000000000000000000000000000000000000000000000000000000000000000000000000000000000007777777777
7777777777700000000000000077777777777777777777777777777777777777777777777777777777777777777777777777777777777000000000000000000000000000000000000000000000000000000000000000000000000000000000000007777777777
7777777777770000000000000007777777777777777777777777777777777777777777777777777777777777777777777777777777777000000000000000000000000000000000000000000000000000000000000000000000000000000000000077777777777
7777777777770000000000000001777777777777777777777777777777777777777777777777777777777777777777777777777777770000000000000000000000000000000000000000000000000000000000000000000000000000000000000077777777777
7777777777777000000000000000777777777777777777777777777777777777777777777777777777777777777777777777777777710000000000000000000000000000000000000000000000000000000000000000000000000000000000000777777777777
7777777777777000000000000000077777777777777777777777777777777777777777777777777777777777777777777777777777700000000000000000000000000000000000000000000000000000000000000000000000000000000000001777777777777
7777777777777700000000000000017777777777777777777777777777777777777777777777777777777777777777777777777777000000000000000000000000000000000000000000000000000000000000000000000000000000000000007777777777777
7777777777777710000000000000007777777777777777777777777777777777777777777777777777777777777777777777777770000000000000000000000000000000000000000000000000000000000000000000000000000000000000077777777777777
7777777777777770000000000000000777777777777777777777777777777777777777777777777777777777777777777777777710000000000000000000000000000000000000000000000000000000000000000000000000000000000000077777777777777
7777777777777777000000000000000077777777777777777777777777777777777777777777777777777777777777777777777700000000000000000000000000000000000000000000000000000000000000000000000000000000000000777777777777777
7777777777777777000000000000000007777777777777777777777777777777777777777777777777777777777777777777777000000000000000000000000000000000000000000000000000000000000000000000000000000000000001777777777777777
7777777777777777700000000000000000777777777777777777777777777777777777777777777777777777777777777777770000000000000000000000000000000000000000000000000000000000000000000000000000000000000007777777777777777
7777777777777777770000000000000000077777777777777777777777777777777777777777777777777777777777777777700000000000000000000000000000000000000000000000000000000000000000000000000000000000000077777777777777777
7777777777777777770000000000000000007777777777777777777777777777777777777777777777777777777777777771000000000000000000000000000000000000000000000000000000000000000000000000000000000000000177777777777777777
7777777777777777777000000000000000000777777777777777777777777777777777777777777777777777777777777710000000000000000000000000000000000000000000000000000000000000000000000000000000000000000777777777777777777
7777777777777777777700000000000000000077777777777777777777777777777777777777777777777777777777777000000000000000000000000000000000000000000000000000000000000000000000000000000000000000007777777777777777777
7777777777777777777700000000000000000000777777777777777777777777777777777777777777777777777777770000000000000000000000000000000000000000000000000000000000000000000000000000000000000000077777777777777777777
7777777777777777777770000000000000000000077777777777777777777777777777777777777777777777777777100000000000000000000000000000000000000000000000000000000000000000000000000000000000000000077777777777777777777
7777777777777777777777000000000000000000001777777777777777777777777777777777777777777777777770000000000000000000000000000000000000000000000000000000000000000000000000000000000000000000777777777777777777777
7777777777777777777777700000000000000000000077777777777777777777777777777777777777777777777000000000000000000000000000000000000000000000000000000000000000000000000000000000000000000007777777777777777777777
7777777777777777777777710000000000000000000000777777777777777777777777777777777777777777700000000000000000000000000000000000000000000000000000000000000000000000000000000000000000000077777777777777777777777
7777777777777777777777770000000000000000000000007777777777777777777777777777777777777770000000000000000000000000000000000000000000000000000000000000000000000000000000000000000000000177777777777777777777777
7777777777777777777777777000000000000000000000000017777777777777777777777777777777777000000000000000000000000000000000000000000000000000000000000000000000000000000000000000000000000777777777777777777777777
7777777777777777777777777700000000000000000000000000077777777777777777777777777777000000000000000000000000000000000000000000000000000000000000000000000000000000000000000000000000007777777777777777777777777
7777777777777777777777777770000000000000000000000000000017777777777777777777771000000000000000000000000000000000000000000000000000000000000000000000000000000000000000000000000000077777777777777777777777777
7777777777777777777777777777000000000000000000000000000000000017777777771000000000000000000000000000000000000000000000000000000000000000000000000000000000000000000000000000000000777777777777777777777777777
7777777777777777777777777777700000000000000000000000000000000000000000000000000000000000000000000000000000000000000000000000000000000000000000000000000000000000000000000000000007777777777777777777777777777
7777777777777777777777777777770000000000000000000000000000000000000000000000000000000000000000000000000000000000000000000000000000000000000000000000000000000000000000000000000077777777777777777777777777777
7777777777777777777777777777777000000000000000000000000000000000000000000000000000000000000000000000000000000000000000000000000000000000000000000000000000000000000000000000000777777777777777777777777777777
7777777777777777777777777777777700000000000000000000000000000000000000000000000000000000000000000000000000000000000000000000000000000000000000000000000000000000000000000000007777777777777777777777777777777
7777777777777777777777777777777770000000000000000000000000000000000000000000000000000000000000000000000000000000000000000000000000000000000000000000000000000000000000000000077777777777777777777777777777777
7777777777777777777777777777777777000000000000000000000000000000000000000000000000000000000000000000000000000000000000000000000000000000000000000000000000000000000000000000777777777777777777777777777777777
7777777777777777777777777777777777700000000000000000000000000000000000000000000000000000000000000000000000000000000000000000000000000000000000000000000000000000000000000007777777777777777777777777777777777
7777777777777777777777777777777777770000000000000000000000000000000000000000000000000000000000000000000000000000000000000000000000000000000000000000000000000000000000000177777777777777777777777777777777777
7777777777777777777777777777777777777000000000000000000000000000000000000000000000000000000000000000000000000000000000000000000000000000000000000000000000000000000000007777777777777777777777777777777777777
7777777777777777777777777777777777777770000000000000000000000000000000000000000000000000000000000000000000000000000000000000000000000000000000000000000000000000000000077777777777777777777777777777777777777
7777777777777777777777777777777777777777000000000000000000000000000000000000000000000000000000000000000000000000000000000000000000000000000000000000000000000000000000777777777777777777777777777777777777777
7777777777777777777777777777777777777777700000000000000000000000000000000000000000000000000000000000000000000000000000000000000000000000000000000000000000000000000007777777777777777777777777777777777777777
7777777777777777777777777777777777777777771000000000000000000000000000000000000000000000000000000000000000000000000000000000000000000000000000000000000000000000000777777777777777777777777777777777777777777
7777777777777777777777777777777777777777777700000000000000000000000000000000000000000000000000000000000000000000000000000000000000000000000000000000000000000000007777777777777777777777777777777777777777777
7777777777777777777777777777777777777777777770000000000000000000000000000000000000000000000000000000000000000000000000000000000000000000000000000000000000000000777777777777777777777777777777777777777777777
7777777777777777777777777777777777777777777777700000000000000000000000000000000000000000000000000000000000000000000000000000000000000000000000000000000000000007777777777777777777777777777777777777777777777
7777777777777777777777777777777777777777777777771000000000000000000000000000000000000000000000000000000000000000000000000000000000000000000000000000000000000777777777777777777777777777777777777777777777777
7777777777777777777777777777777777777777777777777700000000000000000000000000000000000000000000000000000000000000000000000000000000000000000000000000000000007777777777777777777777777777777777777777777777777
7777777777777777777777777777777777777777777777777777000000000000000000000000000000000000000000000000000000000000000000000000000000000000000000000000000000777777777777777777777777777777777777777777777777777
7777777777777777777777777777777777777777777777777777710000000000000000000000000000000000000000000000000000000000000000000000000000000000000000000000000077777777777777777777777777777777777777777777777777777
7777777777777777777777777777777777777777777777777777777100000000000000000000000000000000000000000000000000000000000000000000000000000000000000000000007777777777777777777777777777777777777777777777777777777
7777777777777777777777777777777777777777777777777777777770000000000000000000000000000000000000000000000000000000000000000000000000000000000000000000177777777777777777777777777777777777777777777777777777777
7777777777777777777777777777777777777777777777777777777777710000000000000000000000000000000000000000000000000000000000000000000000000000000000000077777777777777777777777777777777777777777777777777777777777
7777777777777777777777777777777777777777777777777777777777777700000000000000000000000000000000000000000000000000000000000000000000000000000000007777777777777777777777777777777777777777777777777777777777777
7777777777777777777777777777777777777777777777777777777777777777000000000000000000000000000000000000000000000000000000000000000000000000000000777777777777777777777777777777777777777777777777777777777777777
7777777777777777777777777777777777777777777777777777777777777777771000000000000000000000000000000000000000000000000000000000000000000000000777777777777777777777777777777777777777777777777777777777777777777
7777777777777777777777777777777777777777777777777777777777777777777771000000000000000000000000000000000000000000000000000000000000000000177777777777777777777777777777777777777777777777777777777777777777777
7777777777777777777777777777777777777777777777777777777777777777777777771000000000000000000000000000000000000000000000000000000000000177777777777777777777777777777777777777777777777777777777777777777777777
7777777777777777777777777777777777777777777777777777777777777777777777777777000000000000000000000000000000000000000000000000000000777777777777777777777777777777777777777777777777777777777777777777777777777
7777777777777777777777777777777777777777777777777777777777777777777777777777777700000000000000000000000000000000000000000000007777777777777777777777777777777777777777777777777777777777777777777777777777777
7777777777777777777777777777777777777777777777777777777777777777777777777777777777777000000000000000000000000000000000000777777777777777777777777777777777777777777777777777777777777777777777777777777777777
7777777777777777777777777777777777777777777777777777777777777777777777777777777777777777777700000000000000000000007777777777777777777777777777777777777777777777777777777777777777777777777777777777777777777
